US City Population Density
29298
8304
12061
3599
3105
11933
2876
4256
3841
5683
3007
1271
2646
4117
2455
2837
18635
8795
4674
1123
1449
2627
11286
13989
4527
4888
4608
1948
2132
7240
6000
3014
4706
2252
5324
3636
1615
3686
3649
2451
3179
1878
9206
12284
7883
7962
2091
2693
2454
4111
2413
3377
2265
4796
6895
5801
2991
5158
1137
1960
3879
11364
2781
4690
3976
12927
5991
5469
2307
4888
2979
3982
171
2513
19894
4226
5554
6890
2592
3906
3390
2428
3365
2384
1910
4180
2396
3831
737
1881
4031
1312
4309
2806
4465
3328
2944
3783
3230
3577
2636
10329
4413
5081
1719
986
2428
4067
4835
2923
5903
11754
1406
5522
956
1830
2915
1688
7625
1959
668
1811
1255
1366
4440
2701
2623
1944
7360
2434
1085
1933
6444
3920
10377
3077
1420
1341
2699
4526
1740
1272
5282
4012
4193
3505
3597
2951
4191
4350
3997
4215
1677
9553
1840
2053
5235
2969
1597
6959
3558
3938
19016
2429
631
3586
2794
4888
10702
1256
7050
5607
3351
1309
4049
2331
1376
4533
1298
3825
3477
6596
9233
1451
2305
3095
1384
5921
2283
7174
2283
3730
3952
6411
2232
1561
3917
4052
5472
2663
2467
999
5444
1910
3603
1829
6030
11162
7167
4662
4041
3691
3636
5869
1755
716
1095
6975
1899
2530
2584
3045
3351
2062
7150
2296
1173
4148
4098
3177
3198
4729
1386
1577
2175
4392
2187
6957
2354
2882
2246
1480
2614
2182
11954
18500
4494
3621
2475
4177
1802
3869
2230
3494
1702
3036
3948
3681
2022
2762
8497
3021
4014
1872
4862
3302
3022
1448
2881
1397
2239
2019
2357
9222
4669
6134
2949
3332
7083
5058
2979
4812
2741
2225
1261
4544
1657
3574
1843
2867
6844
2360
3650
2449
11401
3963
4142
2205
2991
2731
1006
4960
7325
6204
11842
4544
3028
4316
4116
2463
4448
3424
1421
1582
2243
2976
8732
2952
498
233
13803
2780
6123
1594
1373
5054
9463
2032
3434
1609
10595
