World River Lengths (Miles)
6650
6400
6300
6275
5539
5464
5410
4880
4700
4444
4400
4350
4241
4200
3969
3672
3650
3645
3610
3596
3380
3211
3185
3180
3078
3060
3058
3057
2989
2888
2809
2740
2720
2704
2620
2615
2570
2549
2513
2500
2490
2450
2428
2410
2348
2333
2292
2287
2273
2270
2250
2250
2200
2188
2153
2102
2101
2100
2100
2092
2060
2010
1978
1950
1927
1900
1870
1865
1809
1805
1800
1799
1749
1726
1670
1641
1610
1600
1600
1600
1600
1600
1599
1594
1591
1590
1580
1575
1550
1532
1515
1500
1500
1497
1490
1485
1480
1465
1438
1427
1420
1420
1415
1411
1400
1400
1400
1372
1370
1370
1368
1360
1345
1339
1333
1323
1320
1320
1302
1300
1300
1280
1271
1270
1252
1242
1240
1236
1233
1231
1223
1220
1213
1210
1200
1200
1190
1182
1181
1175
1173
1162
1162
1158
1150
1150
1149
1143
1143
1130
1130
1130
1130
1130
1126
1123
1120
1120
1119
1115
1105
1100
1100
1100
1094
1092
1086
1080
1080
1078
1072
1067
1053
1050
1050
1050
1049
1045
1030
1024
1020
1015
1012
1010
1010
1006
1004
