World Population
6624554
109581078
4033963
4105267
1886198
69799978
11818619
45195774
19129952
4829767
26378274
7976983
1271768
9890402
19116201
20903273
32971854
59190
3546421
625978
1399488
219159
24206644
26223
7275560
5421241
2416668
5794
164093
10203134
14862924
2225734
33931
106766
18094
3989167
273523615
540544
1701575
65722
2877797
168775
4992
54409800
5792202
6486205
4822233
12123200
59308690
38717
145934462
786552
164689383
17134872
59734218
17500658
307145
9006398
5850342
555987
10099265
6077
5106626
1160164
57559
8278724
40222493
16743927
119449
198414
896445
83992949
11792
85033
31255435
272815
10847910
8947024
29825964
2722289
56770
26545863
5459642
128932753
23816775
29136808
1626
71986
18383955
11193725
12952218
10708981
105695
28435940
1402985
1968001
9904607
3278290
30231
895312
36910560
331002651
441543
1380004385
1439323776
5101414
287375
280908
43851044
38128
60461826
37846611
393244
7132538
46754778
6524195
98347
34813871
4270571
1207359
2142249
597339
18776707
11673021
110940
77265
586632
400124
212559417
11589623
55191
17564
53771296
104425
8655535
2078938
15893222
9449323
48863
183627
4314767
2963243
102334404
43849260
7496981
5518087
67886011
11326616
9660351
115023
39242
33691
6825445
10196709
20250833
15003
1357
112523
2540905
2860853
32866272
8737371
37742154
11890784
33469203
16718965
11402528
4937786
31072940
27691018
397628
6031200
6948445
21413249
65273511
8654622
869601
25778816
45741007
3480
298682
5540720
220892340
6871292
2351627
38928346
375265
173863
43733762
1318445
51269185
2961167
11239
32365999
2881053
83783942
97338579
628066
801
17915568
25499884
9877
13132795
53199
10139177
62278
84339067
50882891
114963588
206139589
89561403
649335
10824
3280819
5057681
38666
988000
437479
3473730
16425864
97929
285498
1326535
771608
126476461
17643054
42876
5094118
19237691
341243
9537645
4649658
686884
2083374
10423054
