72.0
70.0
76.0
63.0
65.0
70.0
86.0
79.0
69.0
63.0
81.0
82.0
75.0
85.0
64.0
76.0
68.0
73.0
80.0
77.0
64.0
80.0
69.0
63.0
58.0
75.0
73.0
57.0
76.0
75.0
69.0
79.0
80.0
77.0
70.0
72.0
65.0
89.0
91.0
59.0
80.0
61.0
99.0
73.0
63.0
75.0
80.0
72.0
67.0
71.0
64.0
65.0
73.0
67.0
75.0
68.0
84.0
82.0
79.0
85.0
92.0
70.0
71.0
65.0
70.0
65.0
83.0
73.0
84.0
86.0
74.0
67.0
84.0
79.0
92.0
74.0
86.0
79.0
81.0
83.0
67.0
82.0
76.0
67.0
75.0
69.0
81.0
88.0
69.0
73.0
78.0
68.0
85.0
78.0
65.0
84.0
68.0
66.0
73.0
80.0
75.0
81.0
96.0
97.0
65.0
63.0
86.0
64.0
69.0
68.0
66.0
65.0
75.0
83.0
95.0
75.0
71.0
69.0
62.0
68.0
83.0
73.0
69.0
64.0
70.0
86.0
77.0
79.0
75.0
87.0
76.0
91.0
73.0
83.0
61.0
66.0
73.0
67.0
68.0
72.0
66.0
65.0
79.0
82.0
68.0
63.0
74.0
63.0
87.0
86.0
82.0
71.0
76.0
76.0
66.0
75.0
69.0
74.0
82.0
56.0
84.0
71.0
79.0
90.0
70.0
64.0
62.0
57.0
68.0
55.0
78.0
100.0
76.0
68.0
78.0
65.0
79.0
70.0
70.0
93.0
72.0
70.0
80.0
64.0
78.0
74.0
85.0
87.0
69.0
77.0
65.0
82.0
63.0
86.0
73.0
61.0
79.0
82.0
71.0
72.0
79.0
66.0
97.0
84.0
76.0
92.0
76.0
63.0
90.0
82.0
61.0
91.0
74.0
54.0
79.0
82.0
71.0
63.0
75.0
77.0
88.0
75.0
63.0
80.0
68.0
73.0
68.0
74.0
62.0
83.0
78.0
66.0
75.0
64.0
77.0
74.0
87.0
71.0
62.0
75.0

